# Graph of 4039 nodes traversed
0
347
346
345
344
343
342
341
340
339
338
337
336
335
334
333
332
331
330
329
328
327
326
325
324
323
322
321
320
319
318
317
316
315
314
313
312
311
310
309
308
307
306
305
304
303
302
301
300
299
298
297
296
295
294
293
292
291
290
289
288
287
286
285
284
283
282
281
280
279
278
277
276
275
274
273
272
271
270
269
268
267
266
265
264
263
262
261
260
259
258
257
256
255
254
253
252
251
250
249
248
247
246
245
244
243
242
241
240
239
238
237
236
235
234
233
232
231
230
229
228
227
226
225
224
223
222
221
220
219
218
217
216
215
214
213
212
211
210
209
208
207
206
205
204
203
202
201
200
199
198
564
549
563
1967
1912
2660
2659
2658
2657
2656
2655
2654
2653
2652
2651
2650
2649
2648
2647
2646
2645
2644
2643
2642
2641
2640
2639
2638
2637
2636
2635
2634
2633
2632
2631
2630
2629
2628
2627
2626
2625
2624
2623
2622
2621
2620
2619
2618
2617
2616
2615
2614
2613
2612
2611
2610
2609
2608
2607
2606
2605
2604
2603
2602
2601
2600
2599
2598
2597
2596
2595
2594
2593
2592
2591
2590
2589
2588
2587
2586
2585
2584
2583
2582
2581
2580
2579
2578
2577
2576
2575
2574
2573
2572
2571
2570
2569
2568
2567
2566
2565
2564
2563
2562
2561
2560
2559
2558
2557
2556
2555
2554
2553
2552
2551
2550
2549
2548
2547
2546
2545
2544
2543
2542
2541
2540
2539
2538
2537
2536
2535
2534
2533
2532
2531
2530
2529
2528
2527
2526
2525
2524
2523
2522
2521
2520
2519
2518
2517
2516
2515
2514
2513
2512
2511
2510
2509
2508
2507
2506
2505
2504
2503
2502
2501
2500
2499
2498
2497
2496
2495
2494
2493
2492
2491
2490
2489
2488
2487
2486
2485
2484
2483
2482
2481
2480
2479
2478
2477
2476
2475
2474
2473
2472
2471
2470
2469
2468
2467
2466
2465
2464
2463
2462
2461
2460
2459
2458
2457
2456
2455
2454
2453
2452
2451
2450
2449
2448
2447
2446
2445
2444
2443
2442
2441
2440
2439
2438
2437
2436
2435
2434
2433
2432
2431
2430
2429
2428
2427
2426
2425
2424
2423
2422
2421
2420
2419
2418
2417
2416
2415
2414
2413
2412
2411
2410
2409
2408
2407
2406
2405
2404
2403
2402
2401
2400
2399
2398
2397
2396
2395
2394
2393
2392
2391
2390
2389
2388
2387
2386
2385
2384
2383
2382
2381
2380
2379
2378
2377
2376
2375
2374
2373
2372
2371
2370
2369
2368
2367
2366
2365
2364
2363
2362
2361
2360
2359
2358
2357
2356
2355
2354
2353
2352
2351
2350
2349
2348
2347
2346
2345
2344
2343
2342
2341
2340
2339
2338
2337
2336
2335
2334
2333
2332
2331
2330
2329
2328
2327
2326
2325
2324
2323
2322
2321
2320
2319
2318
2317
2316
2315
2314
2313
2312
2311
2310
2309
2308
2307
2306
2305
2304
2303
2302
2301
2300
2299
2298
2297
2296
2295
2294
2293
2292
2291
2290
2289
2288
2287
2286
2285
2284
2283
2282
2281
2280
2279
2278
2277
2276
2275
2274
2273
2272
2271
2270
2269
2268
2267
2266
2265
2264
2263
2262
2261
2260
2259
2258
2257
2256
2255
2254
2253
2252
2251
2250
2249
2248
2247
2246
2245
2244
2243
2242
2241
2240
2239
2238
2237
2236
2235
2234
2233
2232
2231
2230
2229
2228
2227
2226
2225
2224
2223
2222
2221
2220
2219
2218
2217
2216
2215
2214
2213
2212
2211
2210
2209
2208
2207
2206
2205
2204
2203
2202
2201
2200
2199
2198
2197
2196
2195
2194
2193
2192
2191
2190
2189
2188
2187
2186
2185
2184
2183
2182
2181
2180
2179
2178
2177
2176
2175
2174
2173
2172
2171
2170
2169
2168
2167
2166
2165
2164
2163
2162
2161
2160
2159
2158
2157
2156
2155
2154
2153
2152
2151
2150
2149
2148
2147
2146
2145
2144
2143
2142
2141
2140
2139
2138
2137
2136
2135
2134
2133
2132
2131
2130
2129
2128
2127
2126
2125
2124
2123
2122
2121
2120
2119
2118
2117
2116
2115
2114
2113
2112
2111
2110
2109
2108
2107
2106
2105
2104
2103
2102
2101
2100
2099
2098
2097
2096
2095
2094
2093
2092
2091
2090
2089
2088
2087
2086
2085
2084
2083
2082
2081
2080
2079
2078
2077
2076
2075
2074
2073
2072
2071
2070
2069
2068
2067
2066
2065
2064
2063
2062
2061
2060
2059
2058
2057
2056
2055
2054
2053
2052
2051
2050
2049
2048
2047
2046
2045
2044
2043
2042
2041
2040
2039
2038
2037
2036
2035
2034
2033
2032
2031
2030
2029
2028
2027
2026
2025
2024
2023
2022
2021
2020
2019
2018
2017
2016
2015
2014
2013
2012
2011
2010
2009
2008
2007
2006
2005
2004
2003
2002
2001
2000
1999
1998
1997
1996
1995
1994
1993
1992
1991
1990
1989
1988
1987
1986
1985
1984
1983
1982
1981
1980
1979
1978
1977
1976
1975
1974
1973
1972
1971
1970
1969
1968
1966
1965
1964
1963
1962
1961
1960
1959
1958
1957
1956
1955
1954
1953
1952
1951
1950
1949
1948
1947
1946
1945
1944
1943
1942
1941
1940
1939
1938
1937
1936
1935
1934
1933
1932
1931
1930
1929
1928
1927
1926
1925
1924
1923
1922
1921
1920
1919
1918
1917
1916
1915
1914
1913
1808
1777
1745
1830
1770
1906
1904
1876
1778
1882
1688
1885
1897
1910
1881
1877
1888
1902
1911
1898
1891
1867
1886
1864
1879
1861
1845
1827
1849
1843
1839
1909
1842
1868
1900
1835
1883
1851
1833
1816
1826
1813
1811
1804
1863
1823
1809
1832
1810
1800
1836
1852
1819
1846
1795
1799
1791
1793
1796
1771
1768
1860
1774
1772
1754
1752
1757
1782
1761
1829
1831
1901
1818
1814
1807
1765
1779
1905
1822
1750
1844
1878
1853
1789
1746
1780
1858
1908
1817
1737
1741
1730
1775
1753
1769
1736
1724
1721
1710
1689
1735
1717
1723
1714
1821
1722
1805
1797
1854
1707
1712
1687
1866
1825
1806
1803
1847
1719
1708
1705
1698
1574
1870
1773
1801
1766
1763
1744
1740
1695
1692
1767
1679
1677
1645
1790
1841
1875
1872
1903
1893
1894
1907
1862
1899
1857
1884
1859
1743
1694
1625
1660
1616
1673
1671
1631
1338
1869
1828
1871
1848
1815
1785
1783
1887
1824
1820
1812
1794
1850
1786
1873
1756
1725
1749
1729
1751
1742
1732
1709
1748
1703
1840
1699
1686
1720
1764
1704
1706
1630
1781
1738
1727
1658
1624
1672
1855
1739
1667
1549
1565
1606
1602
1536
1787
1895
1892
1880
1837
1798
1802
1690
1634
1633
1629
1784
1733
1747
1525
1681
1569
1650
1646
1675
1685
1734
1635
1691
1716
1715
1728
1636
1680
1682
1611
1655
1647
1661
1628
1591
1649
1596
1595
1541
1529
1504
1507
1496
1545
1762
1696
1731
1654
1482
1473
1584
1683
1700
1669
1668
1665
1663
1718
1697
1702
1865
1662
1653
1643
1652
1639
1670
1678
1726
3385
3263
3406
3434
3422
3421
3409
3405
3403
3398
3308
3287
3396
3411
3377
3378
3419
3397
3416
3381
3355
3391
3386
3353
3360
3431
3415
3332
3350
3347
3366
3412
3420
3379
3370
3351
3357
3320
3367
3345
3352
3344
3393
3321
3380
3365
3429
3395
3369
3342
3327
3424
3389
3383
3298
3328
3343
3306
3331
3373
3358
3279
3432
3374
3326
3305
3278
3361
3335
3266
3222
3340
3245
3179
3297
3330
3404
3337
3316
3296
3304
3324
3426
3430
3417
3435
3433
3414
3390
3394
3388
3363
3399
3387
3362
3384
3364
3339
3400
3348
3302
3356
3341
3359
3280
3291
3313
3299
3288
3265
3277
3267
3270
3262
3261
3274
3375
3281
3258
3253
3289
3264
3402
3427
3425
3256
3418
3401
3376
3338
3312
3255
3247
3252
3205
3276
3242
3329
3349
3201
3272
3239
3240
3319
3206
3204
3188
3260
3292
3212
3209
3194
3185
3225
3198
3259
3219
3199
3182
3164
3057
3061
3081
3208
3214
3249
3346
3248
3221
3275
3318
3423
3382
3325
3196
3236
3138
3307
3211
3215
3224
3178
3295
3334
3152
3235
3192
3172
3169
2744
3156
3187
3408
2865
3167
3210
3233
3285
3410
3371
3273
3244
3246
3177
3241
3207
3223
3203
3186
3191
3124
3173
3087
3136
3282
3189
3171
3107
3323
3154
3168
3176
3162
3160
3117
3237
3315
3303
3286
3284
3228
3293
3213
3234
3294
3333
3220
3232
3301
3436
3257
3195
3250
3226
3174
3184
3193
3050
3032
3140
3161
3145
3020
3368
3083
3322
3336
3128
3126
3072
3155
3150
3151
3118
3101
3146
3132
3120
3116
3170
3148
3254
3115
3113
3110
3106
3102
3097
3157
3086
3103
3063
2979
2955
3067
3089
3109
3079
3018
3100
3111
3035
3082
3070
3051
3075
3060
3112
3076
3049
3078
3149
3163
3166
3238
3142
3129
3108
3104
3243
3137
3392
3428
3231
3317
3269
3229
3300
3158
3139
3153
3130
3123
3135
3119
3114
3098
3096
3090
3085
3038
3197
3216
3093
3019
3133
3077
3125
3091
3068
3062
3069
3088
3024
2999
3310
3066
2932
3016
3144
2938
2965
3005
3165
3039
3027
3217
3017
3011
3010
3080
3036
3084
3073
3033
3065
3064
3056
3054
3052
3202
3040
3047
3030
3026
3025
3029
2964
3001
3159
2918
2843
2825
2989
3046
3058
3041
2992
2951
3034
3043
3007
3002
2990
2984
2942
2921
3009
2868
3099
2936
3015
2998
2973
3021
2976
2937
2995
2991
2844
2904
2946
3000
3023
2996
3190
2986
3022
3014
3004
2988
2994
2969
2974
2961
3227
2967
3092
2957
2956
2993
2987
2985
2981
3042
3095
3143
2977
2966
2960
2952
3045
3059
2914
3013
3175
2894
2958
3048
2881
2878
2871
2950
2875
2772
2895
2831
2901
2939
3094
2970
2863
3006
2980
2869
2832
2841
2954
2898
2858
2923
2889
3314
3311
3309
3008
3283
2982
2972
2959
2803
2882
2968
2848
2876
2813
2971
2883
2826
2818
2785
2849
2853
2846
2762
2787
2892
2934
2962
2836
2893
2840
2793
2833
2828
2795
2678
2760
2790
1644
1659
1622
1632
1621
1637
1623
1619
1617
1614
1613
1620
1612
1608
1610
1874
1604
1609
1605
1603
1600
1598
1597
1590
1589
1502
1587
1573
1592
1583
1638
1578
1576
1515
1582
1503
1487
1543
1497
1599
1566
1472
1575
1500
1469
1889
1664
1435
1540
1711
1618
1557
1559
1594
1580
1570
1563
1561
1656
2764
2941
2903
2822
1684
3413
3407
3372
3354
3290
3271
3268
3251
3230
3218
3200
3183
3181
3180
3147
3141
3134
3131
3127
3122
3121
3105
3074
3071
3055
3053
3044
3037
3031
3028
3012
3003
2997
2983
2978
2975
2963
2953
2949
2948
2947
2945
2944
2943
2940
2935
2933
2931
2930
2929
2928
2927
2926
2925
2924
2922
2920
2919
2917
2916
2915
2913
2912
2911
2910
2909
2908
2907
2906
2905
2902
2900
2899
2897
2896
2891
2890
2888
2887
2886
2885
2884
2880
2879
2877
2874
2873
2872
2870
2867
2866
2864
2862
2861
2860
2859
2857
2856
2855
2854
2852
2851
2850
2847
2845
2842
2839
2838
2837
2835
2834
2830
2829
2827
2824
2823
2821
2820
2819
2817
2816
2815
2814
2812
2811
2810
2809
2808
2807
2806
2805
2804
2802
2801
2800
2799
2798
2797
2796
2794
2792
2791
2789
2788
2786
2784
2783
2782
2781
2780
2779
2778
2777
2776
2775
2774
2773
2771
2770
2769
2768
2767
2766
2765
2763
2761
2759
2758
2757
2756
2755
2754
2753
2752
2751
2750
2749
2748
2747
2746
2745
2743
2742
2741
2740
2739
2738
2737
2736
2735
2734
2733
2732
2731
2730
2729
2728
2727
2726
2725
2724
2723
2722
2721
2720
2719
2718
2717
2716
2715
2714
2713
2712
2711
2710
2709
2708
2707
2706
2705
2704
2703
2702
2701
2700
2699
2698
2697
2696
2695
2694
2693
2692
2691
2690
2689
2688
2687
2686
2685
2684
2683
2682
2681
2680
2679
2677
2676
2675
2674
2673
2672
2671
2670
2669
2668
2667
2666
2665
2664
2663
2662
2661
1758
1666
1792
1626
1674
1554
1539
1551
1523
1572
1532
1492
1444
1713
1373
1508
1495
1481
1459
1550
1489
1479
1475
1462
1454
1451
1396
1382
1366
1427
1526
1464
1446
1514
1429
1357
1422
1397
1409
1571
1553
1615
1579
1555
1676
1593
1588
1567
1542
1535
1537
1856
1527
1642
1517
1488
1547
1556
1530
1522
1528
1516
1520
1483
1498
1470
1519
1509
1513
1458
1480
1501
1467
1491
1538
1447
1471
1463
1457
1456
1524
1431
1585
1564
1544
1449
1485
1441
1439
1434
1460
1505
1701
1838
1552
1534
1577
1420
1393
1531
1407
1355
1217
1453
1478
1408
1364
1343
1436
1425
1334
1391
1402
1399
1437
1440
1416
1389
1377
1388
1376
1405
1390
1361
1465
1398
1352
1484
1380
1375
1369
1461
1367
1341
1370
1351
1258
1306
1428
1348
1415
1304
1759
1310
1308
1275
1418
1299
1296
1385
1260
1247
1273
1432
1438
1412
1316
1423
1448
1426
1322
1414
1413
1404
1392
1381
1379
1347
1755
1345
1350
1286
1282
1406
1324
1309
1303
1136
1511
1494
1433
1421
1410
1360
1328
1325
1307
1251
1174
1144
1070
1760
1259
1362
1311
1236
1228
1225
1213
1188
1183
1246
1223
1512
1371
1601
1568
1648
1548
1533
1468
1493
1452
1378
1320
1400
1374
1358
1490
1349
1332
1170
1159
1241
1227
1298
1315
1292
1279
1277
1417
1284
1235
1257
1231
1261
1281
1229
1221
1167
1152
1110
1344
1339
1424
1896
1340
1327
1518
1384
1788
1337
1321
1521
1312
1329
1331
1290
1365
1335
1278
1250
1330
1401
1359
1293
1305
1288
1336
1289
1291
1302
1287
1271
1285
1280
1256
1255
1323
1272
1269
1243
1267
1242
1209
1191
1238
1230
1222
1245
1219
1265
1214
1211
1205
1207
1199
1201
1195
1175
1196
1197
1368
1185
1198
1180
1109
1189
1244
1226
1139
1013
1035
1037
1072
1169
1249
1121
1052
1106
1248
1147
1131
645
683
671
669
651
1318
1179
1300
1313
1237
1210
1294
1268
1212
1443
1372
1356
1342
1234
1122
1155
1506
1113
1142
1080
1095
1086
1192
1215
1204
1184
1172
1173
1164
1163
1181
1156
1153
1160
1149
1146
1182
1165
1641
1419
1317
1283
1477
1411
1450
1301
1254
1178
1143
1135
1132
1130
1128
1126
1562
1125
1123
1117
1263
1124
1112
1101
1107
1091
1890
1012
1114
1075
1076
1092
1083
1079
1078
1074
1171
1486
1387
1297
1116
1084
1011
1041
1001
936
905
646
634
647
681
675
670
665
662
659
661
658
650
604
676
637
1148
1190
1104
1166
1158
1129
1120
1115
1067
1100
1082
1081
1099
1108
1102
1060
1025
1018
1066
1032
968
1062
1054
1059
999
1068
1017
1187
1028
1024
1442
1133
1006
1069
1063
1040
1039
957
1036
981
1044
988
1019
1021
975
896
1015
1014
1020
1009
1007
994
989
984
954
971
969
902
679
682
678
685
641
962
1064
1202
1326
1253
1094
1154
1295
930
976
948
915
639
606
1314
1333
963
1363
1319
1232
1216
1137
1186
1118
1097
992
917
1057
1607
1138
1499
1546
1403
1266
1218
1177
1051
1042
965
986
964
1089
1354
1168
1005
944
977
942
938
933
1103
941
945
919
614
594
4031
4038
4011
3989
4013
4023
4034
4030
3991
3980
4037
4036
4035
4033
4032
4029
4028
4027
4026
4025
4024
4022
4021
4020
4019
4018
4017
4016
4015
4014
4012
4010
4009
4008
4007
4006
4005
4004
4003
4002
4001
4000
3999
3998
3997
3996
3995
3994
3993
3992
3990
3988
3987
3986
3985
3984
3983
3982
3981
667
569
567
3961
3861
3954
3904
3723
3487
3925
3566
3780
3971
3966
3929
3948
3968
3962
3877
3943
3938
3930
3941
3934
3902
3940
3926
3886
3851
3889
3873
3842
3908
3662
3905
3863
3894
3963
3814
3949
3812
3745
3682
3551
3530
3673
3504
3839
3677
3888
3979
3950
3847
3953
3916
3841
3828
3860
3913
3884
3838
3944
3891
3852
3845
3800
3830
3970
3957
3975
3919
3918
3923
3911
3898
3883
3880
3864
3858
3832
3831
3824
3804
3797
3872
3788
3756
3785
3772
3779
3734
3760
3737
3790
3712
3697
3693
3692
3721
3796
3741
3684
3817
3750
3795
3736
3702
3731
3762
3626
3496
3775
3895
3722
3921
3907
3960
3967
3876
3862
3867
3850
3835
3827
3802
3778
3773
3753
3740
3977
3865
3815
3728
3769
3735
3672
3928
3707
3730
3629
3840
3713
3715
3710
3705
3924
3976
3969
3951
3958
3947
3973
3906
3937
3945
3972
3956
3964
3931
3909
3869
3900
3870
3903
3896
3826
3890
3927
3833
3822
3855
3818
3866
3881
3794
3914
3978
3915
3793
3825
3893
3843
3810
3803
3821
3933
3878
3834
3829
3763
3799
3952
3932
3848
3844
3782
3836
3910
3899
3837
3786
3759
3965
3774
3714
3823
3946
3706
3698
3747
3920
3809
3901
3887
3791
3783
3776
3766
3666
3636
3550
3667
3683
3633
3687
3674
3656
3654
3755
3703
3651
3625
3573
3611
3640
3670
3686
3642
3659
3658
3635
3576
3605
3604
3770
3645
3764
3767
3680
3955
3882
3718
3792
3758
3777
3768
3761
3711
3784
3719
3690
3781
3627
3681
3617
3754
3738
3859
3752
3724
3622
3596
3603
3577
3618
3609
3586
3765
3552
3547
3628
3917
3912
3892
3874
3871
3868
3857
3819
3743
3739
3725
3657
3548
3897
3661
3521
3936
3685
3615
3664
3696
3608
3694
3816
3598
3597
3592
3590
3663
3599
3556
3688
3553
3644
3563
3526
3559
3543
3520
3505
3607
3512
3533
3525
3540
3517
3508
3632
3787
3720
3789
3807
3751
3749
3454
3621
3689
3437
3974
3959
3942
3939
3935
3922
3885
3879
3875
3856
3854
3853
3849
3846
3820
3813
3811
3808
3806
3805
3801
3798
3771
3757
3748
3746
3744
3742
3733
3732
3729
3727
3726
3717
3716
3709
3708
3704
3701
3700
3699
3695
3691
3679
3678
3676
3675
3671
3669
3668
3665
3660
3655
3653
3652
3650
3649
3648
3647
3646
3643
3641
3639
3638
3637
3634
3631
3630
3624
3623
3620
3619
3616
3614
3613
3612
3610
3606
3602
3601
3600
3595
3594
3593
3591
3589
3588
3587
3585
3584
3583
3582
3581
3580
3579
3578
3575
3574
3572
3571
3570
3569
3568
3567
3565
3564
3562
3561
3560
3558
3557
3555
3554
3549
3546
3545
3544
3542
3541
3539
3538
3537
3536
3535
3534
3532
3531
3529
3528
3527
3524
3523
3522
3519
3518
3516
3515
3514
3513
3511
3510
3509
3507
3506
3503
3502
3501
3500
3499
3498
3497
3495
3494
3493
3492
3491
3490
3489
3488
3486
3485
3484
3483
3482
3481
3480
3479
3478
3477
3476
3475
3474
3473
3472
3471
3470
3469
3468
3467
3466
3465
3464
3463
3462
3461
3460
3459
3458
3457
3456
3455
3453
3452
3451
3450
3449
3448
3447
3446
3445
3444
3443
3442
3441
3440
3439
3438
610
591
590
680
684
644
666
664
654
677
672
633
653
636
623
625
630
663
657
655
631
617
648
626
620
619
612
609
580
931
939
656
601
629
566
593
501
476
441
399
393
364
351
454
348
572
571
570
568
565
562
561
560
559
558
557
556
673
652
555
554
553
552
551
550
548
547
546
545
544
543
542
541
540
539
538
537
536
535
534
533
532
531
530
529
528
527
526
1049
993
1048
1056
1026
906
1003
1004
966
983
982
1346
1029
1220
998
978
1274
1445
1047
1239
980
995
1651
997
925
967
946
991
1034
960
972
952
947
927
525
524
523
522
521
520
519
518
517
516
515
514
513
512
511
510
509
508
507
506
505
504
503
502
500
499
498
497
496
495
494
493
492
491
490
489
488
487
486
485
484
953
913
1093
914
483
1455
596
1233
1022
618
616
660
622
621
482
481
480
479
478
477
475
474
473
472
471
470
469
468
467
466
465
464
463
462
461
460
459
458
457
456
455
453
452
451
450
449
448
447
446
445
444
443
442
440
439
438
437
436
635
643
640
435
434
433
432
431
430
429
428
427
426
425
424
423
587
586
422
597
611
603
605
592
598
584
579
589
588
421
420
419
418
417
416
415
414
674
668
649
1023
1073
642
638
632
628
627
624
615
613
608
607
602
600
599
595
585
583
582
581
578
577
576
575
574
573
413
412
411
410
409
408
407
406
405
404
403
402
401
400
398
397
396
395
394
392
391
390
389
1010
1640
1141
1134
1474
949
388
387
386
385
384
383
382
381
380
379
378
377
376
375
374
373
372
371
370
369
368
367
366
365
363
362
361
360
359
358
357
356
355
354
353
352
350
349
197
196
195
194
193
192
191
190
189
188
187
186
185
184
183
182
181
180
179
178
177
176
175
174
173
172
171
1193
904
1224
170
169
168
167
166
165
164
163
162
161
160
159
158
157
156
155
154
153
152
151
150
149
148
147
146
145
144
143
142
141
140
139
138
137
136
135
134
133
132
131
130
129
128
127
126
125
124
123
122
121
120
119
118
117
116
115
114
113
112
111
110
109
108
107
1834
1776
1693
1657
1627
1586
1581
1560
1558
1510
1476
1466
1430
1395
1394
1386
1383
1353
1276
1270
1264
1262
1252
1240
1208
1206
1203
1200
1194
1176
1162
1161
1157
1151
1150
1145
1140
1127
1119
1111
1105
1098
1096
1090
1088
1087
1085
1077
1071
1065
1061
1058
1055
1053
1050
1046
1045
1043
1038
1033
1031
1030
1027
1016
1008
1002
1000
996
990
987
985
979
974
973
970
961
959
958
956
955
951
950
943
940
937
935
934
932
929
928
926
924
923
922
921
920
918
916
912
911
910
909
908
907
903
901
900
899
898
897
106
105
104
103
102
101
100
99
98
97
96
95
94
93
92
91
90
89
88
87
86
85
84
83
82
81
80
79
78
77
76
75
74
73
72
71
70
69
68
67
66
65
64
63
62
61
60
59
58
57
56
55
54
53
52
51
50
49
48
47
46
45
44
43
42
41
40
39
38
37
36
35
34
33
32
31
30
29
28
27
26
25
24
23
22
21
20
19
18
17
16
15
14
13
12
11
10
9
8
7
6
5
4
3
2
1
686
856
893
889
888
882
886
878
876
869
890
864
884
863
861
855
854
853
852
851
850
849
848
847
846
845
844
843
842
841
840
839
838
837
836
835
834
833
832
831
830
829
828
880
827
826
825
824
823
822
821
820
819
818
817
816
815
814
813
812
811
810
809
808
807
806
805
804
803
802
801
800
799
798
797
796
795
794
793
792
791
790
789
788
787
786
785
784
783
782
781
780
779
778
777
776
887
885
877
874
873
872
867
775
774
773
772
771
770
769
768
767
766
765
764
763
762
761
760
759
758
757
756
755
754
753
752
751
750
749
748
747
746
745
744
743
742
741
740
739
738
737
736
735
734
733
732
731
730
729
728
727
726
725
724
723
722
721
720
719
718
717
716
715
714
713
712
711
710
709
708
707
706
705
704
703
702
701
700
699
698
895
894
892
891
883
881
879
875
871
870
868
866
865
862
860
859
858
857
697
696
695
694
693
692
691
690
689
688
687
